[gd_scene format=3 uid="uid://01rk3g3aswrm"]

[ext_resource type="PackedScene" uid="uid://bs72ogkvdd7d6" path="res://scenes/player/player.tscn" id="1_jsoev"]
[ext_resource type="Texture2D" uid="uid://c38e3pcn5agrc" path="res://resources/textures/environment/aerial_asphalt_01/aerial_asphalt_01_diff_4k.jpg" id="1_of82g"]
[ext_resource type="Script" uid="uid://bb164i5rgogar" path="res://scripts/misc/event_handler.gd" id="3_am3db"]
[ext_resource type="PackedScene" uid="uid://j7pyb1t4rgje" path="res://scenes/misc/upgrade_state_holder.tscn" id="4_l6qmh"]

[sub_resource type="StandardMaterial3D" id="StandardMaterial3D_am3db"]
albedo_texture = ExtResource("1_of82g")
uv1_triplanar = true

[sub_resource type="ProceduralSkyMaterial" id="ProceduralSkyMaterial_of82g"]
sky_horizon_color = Color(0.66224277, 0.6717428, 0.6867428, 1)
ground_horizon_color = Color(0.66224277, 0.6717428, 0.6867428, 1)

[sub_resource type="Sky" id="Sky_am3db"]
sky_material = SubResource("ProceduralSkyMaterial_of82g")

[sub_resource type="Environment" id="Environment_l6qmh"]
background_mode = 1
sky = SubResource("Sky_am3db")
ambient_light_source = 2
ambient_light_color = Color(1, 1, 1, 1)
ambient_light_energy = 0.5
tonemap_mode = 2

[sub_resource type="GDScript" id="GDScript_g0qdk"]
script/source = "extends Area3D

class_name CamSwitchZone

@onready var camera_node: Camera3D = $Camera3D


func _on_body_entered(body: Node3D) -> void:
	if \"Player\" in body.get_groups():
		camera_node.current = true
		#print(get_viewport().get_camera_3d())
"

[sub_resource type="BoxShape3D" id="BoxShape3D_g0qdk"]
size = Vector3(10.0095215, 4.385803, 5)

[sub_resource type="BoxShape3D" id="BoxShape3D_am3db"]
size = Vector3(10.0095215, 4.385803, 4.2470703)

[sub_resource type="BoxShape3D" id="BoxShape3D_of82g"]
size = Vector3(10.001343, 4.2875977, 13.375977)

[node name="DemoScene" type="Node3D" unique_id=1150316660]

[node name="CSGCombiner3D" type="CSGCombiner3D" parent="." unique_id=289046108]
use_collision = true

[node name="CSGBox3D" type="CSGBox3D" parent="CSGCombiner3D" unique_id=1051933398]
transform = Transform3D(1, 0, 0, 0, 1, 0, 0, 0, 1, -0.0011291504, -7.138672, -0.032829285)
size = Vector3(9.594299, 15.277344, 7.463379)
material = SubResource("StandardMaterial3D_am3db")

[node name="CSGBox3D2" type="CSGBox3D" parent="CSGCombiner3D" unique_id=327137054]
transform = Transform3D(1, 0, 0, 0, 1, 0, 0, 0, 1, -0.112241745, -3.7295432, -5.67513)
size = Vector3(1.3603153, 8.323425, 1.4926147)
material = SubResource("StandardMaterial3D_am3db")

[node name="CSGBox3D8" type="CSGBox3D" parent="CSGCombiner3D" unique_id=1805540888]
transform = Transform3D(-4.371139e-08, 0, 1, 0, 1, 0, -1, 0, -4.371139e-08, -4.1829934, -7.966223, -19.868788)
size = Vector3(1.3603153, 23.855736, 23.068222)
material = SubResource("StandardMaterial3D_am3db")

[node name="CSGBox3D9" type="CSGBox3D" parent="CSGCombiner3D" unique_id=1892234459]
transform = Transform3D(-4.371139e-08, 0, 1, 0, 1, 0, -1, 0, -4.371139e-08, -4.182992, -7.966223, 4.1969643)
size = Vector3(1.3603153, 23.855736, 23.068222)
material = SubResource("StandardMaterial3D_am3db")

[node name="CSGBox3D6" type="CSGBox3D" parent="CSGCombiner3D" unique_id=1037896808]
transform = Transform3D(1, 0, 0, 0, 1, 0, 0, 0, 1, -5.46094, -7.331862, -7.7384453)
size = Vector3(1.3603153, 23.674362, 23.068222)
material = SubResource("StandardMaterial3D_am3db")

[node name="CSGBox3D4" type="CSGBox3D" parent="CSGCombiner3D" unique_id=1849166747]
transform = Transform3D(1, 0, 0, 0, 1, 0, 0, 0, 1, 1.1956306, -3.6929688, -8.12656)
size = Vector3(1.3603153, 8.396576, 1.4926147)
material = SubResource("StandardMaterial3D_am3db")

[node name="CSGBox3D5" type="CSGBox3D" parent="CSGCombiner3D" unique_id=155548394]
transform = Transform3D(1, 0, 0, 0, 1, 0, 0, 0, 1, -0.9357023, -3.7295442, -10.278467)
size = Vector3(1.3603153, 8.323425, 1.4926147)
material = SubResource("StandardMaterial3D_am3db")

[node name="AnimationPlayer" type="AnimationPlayer" parent="CSGCombiner3D/CSGBox3D5" unique_id=2114836206]

[node name="CSGBox3D3" type="CSGBox3D" parent="CSGCombiner3D" unique_id=710453905]
transform = Transform3D(0.9999751, -0.003225078, 0.00628021, 0.0032382493, 0.9999926, -0.002088526, -0.006273429, 0.0021088084, 0.9999781, -0.0011291504, -14.786377, -15.358039)
size = Vector3(9.594299, 30.572754, 7.130127)
material = SubResource("StandardMaterial3D_am3db")

[node name="Player" parent="." unique_id=369957944 instance=ExtResource("1_jsoev")]
transform = Transform3D(1, 0, 0, 0, 1, 0, 0, 0, 1, 0.9923887, 1.567306, 1.4394087)

[node name="DirectionalLight3D" type="DirectionalLight3D" parent="." unique_id=1149899548]
transform = Transform3D(-0.8660254, -0.43301278, 0.25, 0, 0.49999997, 0.86602545, -0.50000006, 0.75, -0.43301266, 0, 0, 0)
shadow_enabled = true

[node name="EventHandler" type="Node" parent="." unique_id=1932419290]
script = ExtResource("3_am3db")
metadata/_custom_type_script = "uid://bb164i5rgogar"

[node name="OmniLight3D" type="OmniLight3D" parent="." unique_id=646916282]
transform = Transform3D(1, 0, 0, 0, 1, 0, 0, 0, 1, 1.2940472, 2.3385375, 0)
visible = false
shadow_enabled = true
omni_range = 4096.0

[node name="WorldEnvironment" type="WorldEnvironment" parent="." unique_id=1877830080]
environment = SubResource("Environment_l6qmh")

[node name="CAMERAS" type="Node" parent="." unique_id=1324290900]

[node name="CameraSwitchZone2" type="Area3D" parent="CAMERAS" unique_id=1032069981]
script = SubResource("GDScript_g0qdk")

[node name="Camera3D" type="Camera3D" parent="CAMERAS/CameraSwitchZone2" unique_id=1056721194]
transform = Transform3D(0.8480481, -0.21722612, 0.48335, 0, 0.9121201, 0.40992305, -0.52991927, -0.34763446, 0.7735217, 4.9334393, 3.8412294, 4.617835)
current = true

[node name="CollisionShape3D" type="CollisionShape3D" parent="CAMERAS/CameraSwitchZone2" unique_id=324266853]
transform = Transform3D(1, 0, 0, 0, 1, 0, 0, 0, 1, -0.037353516, 2.3102112, 2.0603333)
shape = SubResource("BoxShape3D_g0qdk")

[node name="CameraSwitchZone4" type="Area3D" parent="CAMERAS" unique_id=1095141279]
transform = Transform3D(1, 0, 0, 0, 1, 0, 0, 0, 1, 0, 0, -15.929942)
script = SubResource("GDScript_g0qdk")

[node name="Camera3D" type="Camera3D" parent="CAMERAS/CameraSwitchZone4" unique_id=1469433034]
transform = Transform3D(-0.49697405, 0.1996292, 0.84449095, 0, 0.97317886, -0.23004973, -0.86776555, -0.114328735, -0.48364457, 4.4067607, 1.9595182, -1.9940081)
current = true

[node name="CollisionShape3D" type="CollisionShape3D" parent="CAMERAS/CameraSwitchZone4" unique_id=537051836]
transform = Transform3D(1, 0, 0, 0, 1, 0, 0, 0, 1, -0.037353516, 2.3102112, 0.18386841)
shape = SubResource("BoxShape3D_am3db")

[node name="CameraSwitchZone3" type="Area3D" parent="CAMERAS" unique_id=1753108055]
transform = Transform3D(1, 0, 0, 0, 1, 0, 0, 0, 1, -0.3600822, 0, -6.8122945)
script = SubResource("GDScript_g0qdk")

[node name="Camera3D" type="Camera3D" parent="CAMERAS/CameraSwitchZone3" unique_id=1835940475]
transform = Transform3D(-4.371139e-08, -0.4709965, 0.8821351, 0, 0.8821351, 0.4709965, -1, 2.058791e-08, -3.855935e-08, 7.5364923, 5.323146, 0.117391594)
fov = 55.935734

[node name="CollisionShape3D" type="CollisionShape3D" parent="CAMERAS/CameraSwitchZone3" unique_id=489918108]
transform = Transform3D(1, 0, 0, 0, 1, 0, 0, 0, 1, 0.12322998, 1.6437988, -0.2189331)
shape = SubResource("BoxShape3D_of82g")

[node name="UpgradeStateHolder" parent="." unique_id=1309489799 instance=ExtResource("4_l6qmh")]
transform = Transform3D(1, 0, 0, 0, 1, 0, 0, 0, 1, 0, 1.3317909, -16.25872)
upgradeStateName = Array[StringName]([&"DashPrepareState", &"DashState"])

[connection signal="body_entered" from="CAMERAS/CameraSwitchZone2" to="CAMERAS/CameraSwitchZone2" method="_on_body_entered"]
[connection signal="body_entered" from="CAMERAS/CameraSwitchZone4" to="CAMERAS/CameraSwitchZone4" method="_on_body_entered"]
[connection signal="body_entered" from="CAMERAS/CameraSwitchZone3" to="CAMERAS/CameraSwitchZone3" method="_on_body_entered"]
